A_size, Insertar, Union, EliminarMinimo, DecrementarElemento
100, 873, 508, 2787, 396
200, 92, 49, 1810, 46
300, 111, 57, 659, 46
400, 127, 55, 1216, 64
500, 73, 29, 570, 45
600, 99, 53, 738, 64
700, 99, 64, 781, 65
800, 111, 52, 1051, 75
900, 218, 113, 1275, 163
1000, 157, 110, 1380, 162
1100, 56, 41, 864, 55
1200, 61, 27, 733, 44
1300, 177, 48, 1608, 132
1400, 95, 62, 1154, 49
1500, 159, 89, 1238, 65
1600, 72, 29, 1819, 12
1700, 50, 27, 1833, 13
1800, 61, 28, 1927, 12
1900, 58, 26, 772, 15
2000, 37, 14, 444, 6
2100, 63, 27, 712, 13
2200, 55, 26, 745, 12
2300, 55, 26, 960, 13
2400, 55, 26, 771, 11
2500, 59, 24, 871, 11
2600, 45, 21, 840, 10
2700, 46, 21, 847, 10
2800, 53, 24, 891, 12
2900, 36, 12, 575, 6
3000, 48, 22, 942, 11
3100, 46, 28, 949, 8
3200, 49, 24, 1174, 12
3300, 45, 20, 941, 10
3400, 70, 41, 1621, 12
3500, 66, 37, 1112, 8
3600, 64, 39, 1868, 10
3700, 51, 24, 1358, 13
3800, 41, 13, 818, 7
3900, 35, 11, 719, 6
4000, 54, 32, 1419, 10
4100, 36, 15, 778, 6
4200, 35, 11, 743, 6
4300, 36, 11, 784, 7
4400, 36, 11, 779, 6
4500, 36, 11, 760, 6
4600, 48, 19, 845, 6
4700, 40, 15, 909, 6
4800, 58, 15, 854, 9
4900, 44, 11, 875, 5
5000, 34, 3, 835, 0
5100, 29, 3, 779, 0
5200, 29, 3, 912, 0
5300, 29, 3, 872, 0
5400, 29, 3, 933, 0
5500, 42, 3, 939, 0
5600, 28, 3, 936, 0
5700, 28, 3, 942, 0
5800, 29, 3, 969, 0
5900, 28, 3, 940, 0
6000, 28, 3, 915, 0
6100, 28, 4, 1016, 0
6200, 42, 3, 987, 0
6300, 29, 3, 1231, 0
6400, 29, 3, 1036, 0
6500, 29, 3, 1043, 0
6600, 28, 3, 1054, 0
6700, 28, 3, 1071, 0
6800, 29, 3, 1106, 0
6900, 41, 3, 1102, 0
7000, 28, 3, 1101, 0
7100, 29, 3, 1097, 0
7200, 28, 3, 1107, 0
7300, 28, 3, 1145, 0
7400, 28, 3, 1174, 0
7500, 28, 3, 1166, 0
7600, 40, 3, 1265, 0
7700, 28, 3, 1185, 0
7800, 28, 3, 1194, 0
7900, 28, 3, 1248, 0
8000, 28, 3, 1250, 0
8100, 28, 3, 1255, 0
8200, 41, 3, 1222, 0
8300, 28, 3, 1286, 0
8400, 28, 3, 1311, 0
8500, 28, 3, 1320, 0
8600, 28, 3, 1334, 0
8700, 40, 3, 1322, 0
8800, 28, 3, 1353, 0
8900, 28, 3, 1364, 0
9000, 28, 3, 1363, 0
9100, 28, 3, 1364, 0
9200, 28, 3, 1409, 0
9300, 39, 3, 1424, 0
9400, 28, 3, 1387, 0
9500, 28, 3, 1406, 0
9600, 28, 3, 1422, 0
9700, 28, 3, 1465, 0
9800, 39, 3, 1461, 0
9900, 28, 3, 1511, 0
10000, 28, 3, 1515, 0
10100, 28, 3, 1545, 0
10200, 40, 3, 1513, 0
10300, 28, 3, 1550, 0
10400, 40, 3, 1528, 0
10500, 28, 3, 1569, 0
10600, 28, 3, 1597, 0
10700, 28, 3, 1648, 0
10800, 28, 3, 1625, 0
10900, 28, 3, 1637, 0
11000, 28, 3, 1586, 0
11100, 28, 3, 1669, 0
11200, 40, 3, 1672, 0
11300, 28, 3, 1598, 0
11400, 52, 3, 1750, 0
11500, 28, 3, 1710, 0
11600, 28, 3, 1810, 0
11700, 28, 3, 1764, 0
11800, 28, 3, 1718, 0
11900, 40, 3, 1741, 0
12000, 28, 3, 1780, 0
12100, 28, 3, 1823, 0
12200, 28, 3, 1839, 0
12300, 40, 3, 1817, 0
12400, 28, 3, 2245, 0
12500, 28, 3, 1890, 0
12600, 28, 3, 1881, 0
12700, 38, 3, 1839, 0
12800, 40, 3, 1868, 0
12900, 28, 3, 1924, 0
13000, 28, 3, 1916, 0
13100, 28, 4, 1923, 0
13200, 28, 3, 1943, 0
13300, 28, 3, 1949, 0
13400, 28, 3, 1958, 0
13500, 40, 3, 1945, 0
13600, 46, 3, 1966, 0
13700, 28, 3, 2076, 0
13800, 28, 3, 2030, 0
13900, 28, 3, 2025, 0
14000, 28, 3, 2399, 0
14100, 28, 3, 2060, 0
14200, 40, 3, 2046, 0
14300, 40, 3, 2060, 0
14400, 28, 3, 2113, 0
14500, 28, 3, 2206, 0
14600, 28, 3, 2127, 0
14700, 28, 3, 2176, 0
14800, 28, 3, 2347, 0
14900, 38, 3, 2171, 0
15000, 40, 3, 2146, 0
15100, 28, 3, 2152, 0
15200, 28, 3, 2164, 0
15300, 28, 3, 2206, 0
15400, 40, 3, 2183, 0
15500, 28, 3, 2253, 0
15600, 28, 3, 2270, 0
15700, 39, 3, 2240, 0
15800, 28, 3, 2206, 0
15900, 28, 3, 2217, 0
16000, 28, 3, 2224, 0
16100, 53, 3, 2198, 0
16200, 28, 4, 2196, 0
16300, 40, 3, 2372, 0
16400, 28, 3, 2340, 0
16500, 28, 3, 2224, 0
16600, 40, 3, 2317, 0
16700, 28, 3, 2328, 0
16800, 28, 3, 2332, 0
16900, 40, 3, 2339, 0
17000, 28, 3, 2315, 0
17100, 28, 3, 2312, 0
17200, 39, 3, 2322, 0
17300, 28, 3, 2339, 0
17400, 28, 3, 2345, 0
17500, 28, 3, 2351, 0
17600, 39, 3, 2437, 0
17700, 28, 3, 2431, 0
17800, 39, 3, 2455, 0
17900, 28, 3, 2470, 0
18000, 28, 3, 2479, 0
18100, 28, 3, 2524, 0
18200, 41, 3, 2486, 0
18300, 40, 3, 2537, 0
18400, 28, 3, 2533, 0
18500, 28, 3, 2869, 0
18600, 40, 3, 2574, 0
18700, 42, 4, 2604, 0
18800, 29, 3, 2616, 0
18900, 29, 3, 2612, 0
19000, 40, 3, 2731, 0
19100, 28, 3, 2768, 0
19200, 28, 3, 2792, 0
19300, 41, 3, 2793, 0
19400, 28, 3, 2851, 0
19500, 30, 3, 2823, 0
19600, 40, 3, 2800, 0
19700, 28, 3, 2815, 0
19800, 28, 3, 2829, 0
19900, 40, 3, 2834, 0
20000, 28, 3, 3641, 0
20100, 39, 3, 2894, 0
20200, 28, 3, 2932, 0
20300, 28, 3, 2934, 0
20400, 40, 3, 2933, 0
20500, 28, 3, 3034, 0
20600, 41, 3, 2962, 0
20700, 28, 3, 2859, 0
20800, 28, 3, 2956, 0
20900, 41, 3, 2811, 0
21000, 28, 3, 2813, 0
21100, 40, 3, 2802, 0
21200, 28, 3, 2847, 0
21300, 28, 3, 2861, 0
21400, 39, 3, 2878, 0
21500, 28, 3, 2919, 0
21600, 40, 3, 2870, 0
21700, 28, 3, 2971, 0
21800, 38, 3, 2891, 0
21900, 38, 3, 2966, 0
22000, 28, 3, 3001, 0
22100, 28, 3, 3217, 0
22200, 28, 3, 3058, 0
22300, 40, 3, 3051, 0
22400, 40, 3, 2939, 0
22500, 28, 3, 3019, 0
22600, 28, 3, 3004, 0
22700, 40, 3, 3066, 0
22800, 42, 3, 2977, 0
22900, 43, 3, 3045, 0
23000, 30, 3, 3061, 0
23100, 41, 3, 3012, 0
23200, 28, 3, 3300, 0
23300, 28, 3, 3336, 0
23400, 39, 3, 3138, 0
23500, 39, 3, 3142, 0
23600, 28, 3, 3164, 0
23700, 39, 3, 3182, 0
23800, 28, 3, 3146, 0
23900, 28, 3, 3152, 0
24000, 46, 3, 3238, 0
24100, 40, 3, 3210, 0
24200, 40, 3, 3194, 0
24300, 28, 3, 3268, 0
24400, 28, 4, 3466, 0
24500, 42, 3, 3284, 0
24600, 30, 3, 3285, 0
24700, 43, 3, 3314, 0
24800, 30, 3, 3370, 0
24900, 30, 3, 3587, 7
25000, 28, 3, 3376, 0
25100, 38, 3, 3387, 0
25200, 116, 3, 3692, 0
25300, 28, 3, 3391, 0
25400, 28, 3, 4128, 0
25500, 28, 3, 3612, 0
25600, 28, 3, 3625, 0
25700, 28, 3, 3648, 0
25800, 40, 3, 4054, 0
25900, 39, 3, 3677, 0
26000, 28, 3, 3682, 0
26100, 28, 3, 3700, 0
26200, 28, 3, 3752, 0
26300, 40, 3, 3480, 0
26400, 28, 3, 3720, 0
26500, 28, 3, 3767, 0
26600, 89, 3, 3541, 0
26700, 28, 3, 3576, 0
26800, 28, 3, 3514, 0
26900, 39, 3, 4240, 0
27000, 28, 3, 3509, 0
27100, 28, 3, 3852, 0
27200, 28, 3, 3824, 0
27300, 41, 3, 3634, 0
27400, 41, 3, 3677, 0
27500, 28, 3, 3887, 0
27600, 28, 3, 3828, 0
27700, 28, 3, 3936, 0
27800, 28, 3, 3907, 0
27900, 39, 3, 3755, 0
28000, 39, 3, 3745, 0
28100, 28, 3, 3748, 0
28200, 31, 3, 3991, 0
28300, 31, 3, 4028, 0
28400, 28, 4, 4080, 0
28500, 38, 3, 3797, 0
28600, 38, 3, 3850, 0
28700, 28, 3, 3807, 0
28800, 28, 3, 4133, 0
28900, 42, 3, 3770, 0
29000, 39, 4, 3811, 0
29100, 28, 3, 4189, 0
29200, 39, 3, 3853, 0
29300, 40, 3, 4184, 0
29400, 28, 3, 4112, 0
29500, 28, 3, 3936, 0
29600, 28, 3, 4571, 0
29700, 29, 3, 3944, 0
29800, 28, 4, 3968, 0
29900, 28, 4, 3929, 0
30000, 40, 4, 4031, 0
30100, 39, 3, 4030, 0
30200, 28, 3, 3860, 0
30300, 41, 3, 3978, 0
30400, 40, 3, 4420, 0
30500, 28, 3, 4023, 0
30600, 28, 3, 4034, 0
30700, 28, 3, 4310, 0
30800, 28, 3, 4047, 0
30900, 28, 5, 4063, 0
31000, 40, 3, 4156, 0
31100, 40, 3, 4122, 0
31200, 28, 3, 4059, 0
31300, 40, 3, 4447, 0
31400, 28, 3, 4840, 0
31500, 28, 3, 4521, 0
31600, 29, 3, 4510, 0
31700, 28, 3, 4577, 0
31800, 41, 3, 4487, 0
31900, 28, 3, 4548, 0
32000, 28, 3, 4560, 0
32100, 28, 3, 4266, 0
32200, 39, 3, 4266, 0
32300, 38, 3, 4578, 0
32400, 39, 4, 4246, 0
32500, 42, 3, 4873, 0
32600, 28, 3, 4253, 0
32700, 29, 3, 4351, 0
32800, 28, 3, 4450, 0
32900, 39, 3, 4438, 0
33000, 28, 3, 4705, 0
33100, 29, 4, 4726, 0
33200, 28, 4, 4739, 0
33300, 28, 3, 4954, 0
33400, 41, 3, 5417, 0
33500, 40, 4, 4745, 0
33600, 40, 4, 4901, 0
33700, 28, 3, 4553, 0
33800, 28, 3, 4924, 0
33900, 29, 3, 4778, 0
34000, 28, 3, 4449, 0
34100, 28, 3, 4504, 0
34200, 28, 3, 4765, 0
34300, 39, 4, 4885, 0
34400, 28, 3, 4509, 0
34500, 41, 3, 4947, 0
34600, 39, 4, 4596, 0
34700, 39, 5, 4584, 0
34800, 40, 3, 4964, 0
34900, 28, 3, 4989, 0
35000, 40, 4, 4631, 0
35100, 28, 4, 4579, 0
35200, 28, 3, 5015, 0
35300, 28, 3, 4656, 0
35400, 28, 3, 4712, 0
35500, 28, 3, 4637, 0
35600, 42, 4, 4650, 0
35700, 28, 3, 4747, 0
35800, 38, 3, 4757, 0
35900, 41, 3, 5193, 0
36000, 28, 4, 4829, 0
36100, 39, 3, 5121, 0
36200, 28, 3, 5203, 0
36300, 29, 3, 4869, 0
36400, 28, 3, 4763, 0
36500, 28, 3, 4843, 0
36600, 39, 4, 4886, 0
36700, 28, 3, 5175, 0
36800, 39, 3, 5317, 0
36900, 54, 3, 4881, 0
37000, 40, 3, 4802, 0
37100, 40, 3, 4822, 0
37200, 41, 3, 4955, 0
37300, 28, 3, 4883, 0
37400, 29, 3, 5287, 0
37500, 28, 3, 5284, 0
37600, 39, 3, 4957, 0
37700, 28, 3, 5315, 0
37800, 39, 4, 5001, 0
37900, 28, 3, 5017, 0
38000, 38, 3, 5108, 0
38100, 40, 3, 4985, 0
38200, 28, 3, 5315, 0
38300, 39, 3, 5105, 0
38400, 28, 3, 5442, 0
38500, 28, 3, 5130, 0
38600, 28, 3, 5535, 0
38700, 41, 3, 5509, 0
38800, 28, 3, 5873, 0
38900, 40, 3, 5096, 0
39000, 40, 4, 5060, 0
39100, 40, 4, 5165, 0
39200, 40, 3, 5571, 0
39300, 28, 3, 5642, 0
39400, 28, 3, 5185, 0
39500, 41, 4, 5324, 0
39600, 28, 3, 5206, 0
39700, 28, 3, 5550, 0
39800, 39, 4, 5815, 0
39900, 28, 4, 5628, 0
40000, 29, 3, 5783, 0
40100, 40, 3, 5267, 0
40200, 39, 3, 5302, 0
40300, 40, 3, 5312, 0
40400, 28, 3, 5349, 0
40500, 39, 17, 5737, 0
40600, 32, 6, 8820, 0
40700, 28, 3, 5345, 0
40800, 28, 3, 5776, 0
40900, 28, 3, 5386, 0
41000, 39, 4, 5852, 0
41100, 28, 3, 5353, 0
41200, 40, 3, 5327, 0
41300, 39, 4, 5449, 0
41400, 40, 3, 5433, 0
41500, 28, 3, 5841, 0
41600, 28, 3, 5856, 0
41700, 41, 3, 5455, 0
41800, 28, 3, 5933, 0
41900, 28, 3, 5546, 0
42000, 39, 3, 5451, 0
42100, 38, 3, 5869, 0
42200, 28, 3, 5527, 0
42300, 41, 3, 5521, 0
42400, 41, 3, 5586, 0
42500, 39, 3, 5974, 0
42600, 28, 4, 5596, 0
42700, 28, 3, 5619, 0
42800, 41, 3, 5617, 0
42900, 42, 3, 6252, 0
43000, 28, 3, 5732, 0
43100, 40, 3, 5865, 0
43200, 28, 3, 6051, 0
43300, 28, 3, 6113, 0
43400, 39, 4, 5654, 0
43500, 40, 3, 5858, 0
43600, 28, 3, 5644, 0
43700, 28, 4, 5681, 0
43800, 40, 3, 5721, 0
43900, 60, 3, 6080, 0
44000, 29, 4, 5873, 0
44100, 38, 3, 5835, 0
44200, 28, 3, 5729, 0
44300, 38, 3, 5741, 0
44400, 28, 3, 6605, 0
44500, 28, 4, 6238, 0
44600, 39, 3, 5732, 0
44700, 28, 3, 6634, 0
44800, 29, 4, 6042, 0
44900, 41, 4, 5990, 0
45000, 28, 3, 5879, 0
45100, 42, 3, 5808, 0
45200, 40, 3, 6684, 0
45300, 28, 3, 5995, 0
45400, 42, 3, 5916, 0
45500, 39, 3, 5935, 0
45600, 28, 3, 5983, 0
45700, 28, 4, 5949, 0
45800, 28, 3, 5968, 0
45900, 40, 4, 6148, 0
46000, 28, 3, 6035, 0
46100, 39, 3, 6013, 0
46200, 28, 3, 6271, 0
46300, 38, 3, 5964, 0
46400, 29, 4, 6223, 0
46500, 39, 3, 6433, 0
46600, 41, 3, 6673, 0
46700, 40, 3, 6081, 0
46800, 28, 3, 6162, 0
46900, 39, 3, 6099, 0
47000, 28, 3, 6122, 0
47100, 41, 3, 6124, 0
47200, 28, 3, 6604, 0
47300, 41, 3, 6096, 0
47400, 28, 3, 6665, 0
47500, 29, 3, 6868, 0
47600, 39, 3, 7156, 0
47700, 28, 3, 6479, 0
47800, 28, 3, 6129, 0
47900, 39, 4, 6812, 0
48000, 39, 4, 6184, 0
48100, 28, 3, 6740, 0
48200, 38, 3, 6225, 0
48300, 39, 3, 6223, 0
48400, 28, 3, 6278, 0
48500, 39, 3, 6289, 0
48600, 39, 3, 6243, 0
48700, 28, 3, 6681, 0
48800, 40, 4, 6415, 0
48900, 40, 3, 7083, 0
49000, 29, 3, 6606, 0
49100, 28, 4, 6352, 0
49200, 40, 3, 6365, 0
49300, 39, 3, 6390, 0
49400, 30, 4, 6497, 1
49500, 41, 3, 6965, 0
49600, 29, 3, 6999, 0
49700, 43, 3, 6641, 0
49800, 32, 3, 7259, 0
49900, 28, 3, 6427, 0
50000, 29, 3, 6710, 0
