A_size, Insertar, Union, EliminarMinimo, DecrementarElemento
100, 460, 220, 1484, 152
500, 176, 902, 2927, 90
900, 192, 100, 13168, 195
1300, 193, 132, 1414, 194
1700, 60, 28, 1070, 47
2100, 166, 74, 1769, 117
2500, 55, 40, 1035, 46
2900, 96, 25, 1168, 45
3300, 54, 24, 1411, 102
3700, 70, 42, 2997, 17
4100, 59, 33, 3124, 6
4500, 53, 24, 3491, 12
4900, 39, 12, 2506, 6
5300, 52, 26, 1641, 13
5700, 42, 11, 907, 6
6100, 39, 11, 1005, 6
6500, 39, 11, 1026, 6
6900, 39, 11, 1061, 6
7300, 38, 11, 1124, 6
7700, 39, 12, 1150, 6
8100, 50, 20, 1269, 6
8500, 38, 11, 1330, 6
8900, 38, 13, 1525, 6
9300, 39, 11, 1419, 6
9700, 39, 11, 1443, 6
10100, 50, 18, 1456, 6
10500, 51, 25, 2442, 10
10900, 37, 11, 1526, 6
11300, 37, 11, 1636, 6
11700, 74, 25, 1617, 49
12100, 45, 3, 1722, 0
12500, 29, 3, 1804, 0
12900, 29, 3, 1825, 0
13300, 29, 3, 1905, 0
13700, 40, 3, 1883, 0
14100, 29, 3, 2065, 0
14500, 28, 3, 1990, 0
14900, 39, 3, 2055, 0
15300, 28, 3, 1996, 0
15700, 28, 3, 2181, 0
16100, 38, 3, 2126, 0
16500, 28, 3, 4310, 0
16900, 28, 3, 2226, 0
17300, 53, 3, 4532, 0
17700, 28, 3, 2375, 0
18100, 43, 3, 2353, 0
18500, 28, 3, 2454, 0
18900, 28, 3, 2591, 0
19300, 28, 3, 2601, 0
19700, 30, 3, 2666, 0
20100, 28, 3, 2598, 0
20500, 28, 3, 2722, 0
20900, 28, 3, 2701, 0
21300, 28, 3, 2822, 0
21700, 28, 3, 2864, 0
22100, 28, 3, 2937, 0
22500, 28, 3, 2908, 0
22900, 28, 3, 2979, 0
23300, 28, 3, 3021, 0
23700, 28, 3, 3078, 0
24100, 28, 3, 3197, 0
24500, 29, 3, 3235, 0
24900, 28, 3, 3294, 0
25300, 28, 3, 3357, 0
25700, 28, 3, 3318, 0
26100, 28, 3, 3545, 0
26500, 40, 3, 3513, 0
26900, 40, 3, 3359, 0
27300, 28, 3, 3572, 0
27700, 28, 3, 3524, 0
28100, 28, 3, 3780, 0
28500, 39, 3, 3736, 0
28900, 32, 3, 3948, 0
29300, 39, 3, 3816, 0
29700, 28, 3, 3910, 0
30100, 28, 3, 3963, 0
30500, 28, 3, 3881, 0
30900, 39, 3, 4091, 0
31300, 39, 3, 4175, 0
31700, 28, 3, 4165, 0
32100, 40, 3, 4378, 0
32500, 39, 3, 4278, 0
32900, 28, 3, 4153, 0
33300, 39, 3, 4373, 0
33700, 28, 3, 4498, 0
34100, 28, 3, 4408, 0
34500, 39, 3, 4560, 0
34900, 39, 3, 4580, 0
35300, 28, 3, 4539, 0
35700, 28, 3, 4675, 0
36100, 28, 3, 4647, 0
36500, 49, 3, 4509, 0
36900, 28, 3, 4966, 0
37300, 28, 3, 4905, 0
37700, 39, 3, 5108, 0
38100, 28, 3, 4913, 0
38500, 38, 3, 5099, 0
38900, 28, 3, 5092, 0
39300, 38, 3, 5196, 0
39700, 28, 3, 5150, 0
40100, 39, 3, 4912, 0
40500, 28, 3, 5197, 0
40900, 40, 3, 5402, 0
41300, 38, 3, 5250, 0
41700, 28, 3, 5456, 0
42100, 28, 3, 5358, 0
42500, 39, 3, 5425, 0
42900, 40, 3, 5668, 0
43300, 28, 3, 5572, 0
43700, 28, 3, 5703, 0
44100, 39, 3, 5941, 0
44500, 39, 3, 5826, 0
44900, 28, 3, 5823, 0
45300, 41, 3, 5917, 0
45700, 38, 3, 5850, 0
46100, 28, 3, 5950, 0
46500, 28, 3, 5921, 0
46900, 39, 3, 5686, 0
47300, 47, 3, 6217, 0
47700, 28, 3, 5795, 0
48100, 40, 3, 5781, 0
48500, 41, 3, 5891, 0
48900, 28, 3, 5985, 0
49300, 40, 3, 6083, 0
49700, 31, 3, 6101, 0
50100, 39, 3, 6508, 0
50500, 28, 3, 6648, 0
50900, 28, 3, 6604, 0
51300, 28, 3, 6707, 0
51700, 28, 3, 6808, 0
52100, 28, 3, 6879, 0
52500, 28, 3, 6972, 0
52900, 30, 3, 6828, 0
53300, 38, 3, 6937, 0
53700, 28, 6, 7133, 0
54100, 28, 3, 6975, 0
54500, 39, 3, 7176, 0
54900, 28, 3, 6874, 0
55300, 43, 3, 6979, 0
55700, 28, 3, 6823, 0
56100, 40, 3, 6915, 0
56500, 28, 3, 7048, 0
56900, 28, 3, 7065, 0
57300, 28, 3, 7348, 0
57700, 28, 3, 7102, 0
58100, 28, 3, 7708, 0
58500, 40, 3, 7775, 0
58900, 28, 3, 7274, 0
59300, 28, 3, 7477, 0
59700, 41, 3, 7569, 0
60100, 38, 3, 7284, 0
60500, 28, 3, 7959, 0
60900, 28, 3, 7477, 0
61300, 28, 3, 7998, 0
61700, 41, 3, 8002, 0
62100, 28, 3, 8113, 0
62500, 39, 3, 7573, 0
62900, 28, 3, 7635, 0
63300, 40, 3, 8153, 0
63700, 28, 3, 7659, 0
64100, 28, 3, 8339, 0
64500, 58, 3, 8329, 0
64900, 28, 3, 7905, 0
65300, 28, 3, 8074, 0
65700, 28, 3, 8611, 0
66100, 40, 3, 8098, 0
66500, 28, 3, 8703, 0
66900, 40, 3, 9092, 0
67300, 40, 3, 8208, 0
67700, 28, 3, 8971, 0
68100, 38, 3, 8810, 0
68500, 39, 3, 8650, 0
68900, 28, 3, 8782, 0
69300, 28, 3, 8484, 0
69700, 40, 3, 9002, 0
70100, 28, 3, 9506, 0
70500, 39, 3, 8981, 0
70900, 28, 3, 8630, 0
71300, 42, 3, 9256, 0
71700, 28, 3, 8718, 0
72100, 29, 3, 9411, 0
72500, 41, 3, 8858, 0
72900, 39, 3, 8906, 0
73300, 28, 3, 8950, 0
73700, 28, 3, 9562, 0
74100, 59, 3, 9903, 0
74500, 29, 3, 9558, 0
74900, 28, 3, 9575, 0
75300, 39, 3, 9180, 0
75700, 38, 3, 10323, 0
76100, 28, 3, 10230, 0
76500, 40, 3, 9822, 0
76900, 29, 3, 9327, 0
77300, 43, 3, 10514, 0
77700, 38, 3, 9601, 0
78100, 28, 3, 9858, 0
78500, 28, 3, 9458, 0
78900, 28, 3, 9690, 0
79300, 28, 3, 11492, 0
79700, 40, 3, 10909, 0
80100, 28, 3, 9797, 0
80500, 44, 3, 10133, 0
80900, 28, 3, 9847, 0
81300, 39, 3, 9928, 0
81700, 28, 4, 9833, 0
82100, 40, 3, 10389, 0
82500, 28, 3, 9963, 0
82900, 40, 3, 10625, 0
83300, 28, 3, 10673, 0
83700, 28, 3, 10877, 0
84100, 40, 3, 11389, 0
84500, 28, 3, 10313, 0
84900, 28, 3, 11067, 0
85300, 38, 3, 11053, 0
85700, 29, 3, 10503, 0
86100, 39, 3, 11106, 0
86500, 28, 3, 11062, 0
86900, 28, 3, 10622, 0
87300, 28, 5, 11348, 0
87700, 41, 4, 10815, 0
88100, 28, 5, 11030, 0
88500, 28, 4, 10943, 0
88900, 29, 5, 11101, 0
89300, 40, 4, 10805, 0
89700, 28, 5, 11997, 0
90100, 40, 4, 11125, 0
90500, 28, 4, 12300, 0
90900, 38, 4, 11044, 0
91300, 28, 4, 11106, 0
91700, 28, 5, 11604, 0
92100, 28, 4, 11376, 0
92500, 28, 5, 11230, 0
92900, 39, 4, 11311, 0
93300, 48, 4, 13028, 0
93700, 49, 4, 12020, 0
94100, 29, 5, 11855, 0
94500, 40, 5, 11802, 0
94900, 28, 4, 11624, 0
95300, 29, 5, 11909, 0
95700, 40, 4, 11770, 0
96100, 28, 4, 12573, 0
96500, 28, 4, 12136, 0
96900, 39, 18, 15572, 0
97300, 28, 4, 11821, 0
97700, 28, 4, 11990, 0
98100, 29, 5, 12795, 0
98500, 28, 4, 12253, 0
98900, 28, 4, 12788, 0
99300, 29, 4, 12462, 0
99700, 31, 4, 11978, 0
100100, 28, 5, 13124, 0
100500, 39, 4, 12142, 0
100900, 28, 4, 12809, 0
101300, 28, 4, 13090, 0
101700, 38, 4, 12566, 0
102100, 29, 5, 13010, 0
102500, 28, 4, 12715, 0
102900, 28, 4, 15166, 0
103300, 28, 5, 12782, 0
103700, 39, 4, 12993, 0
104100, 28, 5, 12675, 0
104500, 39, 4, 13183, 0
104900, 29, 5, 13480, 0
105300, 28, 4, 13559, 0
105700, 28, 4, 13110, 0
106100, 40, 4, 13093, 0
106500, 28, 4, 12903, 0
106900, 28, 5, 13539, 0
107300, 28, 5, 13049, 0
107700, 29, 5, 13432, 0
108100, 29, 5, 13428, 0
108500, 45, 5, 13602, 0
108900, 29, 5, 13553, 0
109300, 40, 5, 13731, 0
109700, 29, 5, 13601, 0
110100, 28, 5, 14256, 0
110500, 29, 5, 14259, 0
110900, 48, 5, 13765, 0
111300, 28, 5, 13431, 0
111700, 28, 5, 14010, 0
112100, 29, 5, 14140, 0
112500, 46, 5, 14056, 0
112900, 28, 5, 14309, 0
113300, 29, 5, 14171, 0
113700, 29, 4, 14106, 0
114100, 29, 5, 14254, 0
114500, 40, 5, 14404, 0
114900, 46, 5, 14275, 0
115300, 29, 5, 14205, 0
115700, 28, 5, 14558, 0
116100, 45, 5, 14608, 0
116500, 29, 5, 14448, 0
116900, 28, 5, 14902, 0
117300, 40, 5, 14581, 0
117700, 47, 5, 14492, 0
118100, 29, 4, 14704, 0
118500, 41, 5, 14807, 0
118900, 29, 5, 14979, 0
119300, 40, 5, 15068, 0
119700, 40, 5, 15243, 0
120100, 28, 5, 14853, 0
120500, 29, 5, 15239, 0
120900, 46, 5, 15216, 0
121300, 28, 5, 15513, 0
121700, 42, 5, 15132, 0
122100, 29, 5, 15435, 0
122500, 42, 5, 15578, 0
122900, 29, 5, 15376, 0
123300, 29, 5, 15250, 0
123700, 29, 5, 15439, 0
124100, 46, 5, 15530, 0
124500, 30, 5, 15681, 0
124900, 29, 5, 15695, 0
125300, 28, 5, 15827, 0
125700, 29, 5, 16005, 0
126100, 29, 5, 15823, 0
126500, 29, 5, 15974, 0
126900, 47, 5, 15939, 0
127300, 29, 5, 16168, 0
127700, 29, 5, 16204, 0
128100, 29, 5, 16171, 0
128500, 29, 4, 16471, 0
128900, 29, 5, 15967, 0
129300, 29, 5, 16395, 0
129700, 29, 5, 16635, 0
130100, 40, 5, 16309, 0
130500, 29, 5, 16345, 0
130900, 29, 5, 16640, 0
131300, 29, 5, 16295, 0
131700, 28, 5, 16421, 0
132100, 29, 5, 16578, 0
132500, 29, 5, 16567, 0
132900, 28, 5, 16722, 0
133300, 29, 5, 16543, 0
133700, 29, 5, 16897, 0
134100, 28, 5, 17001, 0
134500, 29, 5, 17229, 0
134900, 29, 5, 16847, 0
135300, 29, 5, 17849, 0
135700, 39, 5, 17206, 0
136100, 29, 5, 17690, 0
136500, 29, 5, 17191, 0
136900, 29, 5, 17271, 0
137300, 29, 5, 16939, 0
137700, 29, 5, 17839, 0
138100, 29, 5, 17596, 0
138500, 29, 5, 17373, 0
138900, 29, 5, 17432, 0
139300, 29, 5, 17675, 0
139700, 29, 5, 17297, 0
140100, 29, 5, 17657, 0
140500, 70, 5, 17595, 0
140900, 29, 5, 17594, 0
141300, 29, 5, 17735, 0
141700, 29, 5, 17995, 0
142100, 28, 5, 17662, 0
142500, 29, 5, 17692, 0
142900, 28, 5, 17824, 0
143300, 29, 5, 17850, 0
143700, 30, 5, 18371, 0
144100, 29, 5, 17945, 0
144500, 29, 5, 17966, 0
144900, 29, 5, 18262, 0
145300, 28, 5, 18461, 0
145700, 29, 5, 17985, 0
146100, 29, 5, 18083, 0
146500, 29, 5, 19357, 0
146900, 28, 5, 18407, 0
147300, 29, 5, 18283, 0
147700, 29, 5, 18572, 0
148100, 29, 5, 18907, 0
148500, 29, 5, 18595, 0
148900, 29, 5, 19565, 0
149300, 30, 5, 18813, 0
149700, 29, 5, 18741, 0
150100, 29, 5, 19460, 0
150500, 29, 5, 19181, 0
150900, 28, 5, 19100, 0
151300, 29, 5, 19398, 0
151700, 40, 5, 19178, 0
152100, 29, 5, 18883, 0
152500, 29, 5, 19346, 0
152900, 29, 5, 19364, 0
153300, 29, 5, 19129, 0
153700, 29, 5, 20290, 0
154100, 40, 5, 19730, 0
154500, 29, 5, 19653, 0
154900, 29, 5, 19918, 0
155300, 40, 5, 19603, 0
155700, 29, 5, 19581, 0
156100, 29, 5, 20156, 0
156500, 29, 5, 19770, 0
156900, 29, 5, 21389, 0
157300, 29, 5, 19591, 0
157700, 29, 5, 19794, 0
158100, 40, 5, 20113, 0
158500, 29, 5, 20960, 0
158900, 29, 5, 19861, 0
159300, 40, 5, 20329, 0
159700, 29, 5, 20371, 0
160100, 30, 5, 20185, 0
160500, 29, 5, 21556, 0
160900, 28, 5, 20690, 0
161300, 30, 5, 20479, 0
161700, 29, 5, 20391, 0
162100, 41, 5, 20244, 0
162500, 29, 5, 21024, 0
162900, 29, 5, 20526, 0
163300, 29, 5, 20397, 0
163700, 29, 5, 20374, 0
164100, 29, 5, 20165, 0
164500, 40, 5, 21775, 0
164900, 29, 5, 20248, 0
165300, 29, 5, 20436, 0
165700, 29, 5, 20638, 0
166100, 39, 5, 20966, 0
166500, 29, 5, 21371, 0
166900, 29, 5, 20501, 0
167300, 29, 5, 20608, 0
167700, 29, 5, 21079, 0
168100, 39, 5, 21120, 0
168500, 29, 5, 21738, 0
168900, 40, 5, 21082, 0
169300, 29, 5, 21044, 0
169700, 31, 5, 21477, 0
170100, 29, 5, 20920, 0
170500, 29, 5, 22284, 0
170900, 29, 5, 21353, 0
171300, 29, 5, 22007, 0
171700, 40, 5, 21274, 0
172100, 39, 5, 21202, 0
172500, 29, 5, 22813, 0
172900, 29, 5, 21632, 0
173300, 29, 5, 21375, 0
173700, 29, 5, 21909, 0
174100, 29, 5, 21701, 0
174500, 30, 5, 23218, 0
174900, 28, 5, 22252, 0
175300, 39, 5, 22028, 0
175700, 28, 5, 22331, 0
176100, 29, 5, 22189, 0
176500, 29, 5, 23814, 0
176900, 29, 5, 22740, 0
177300, 29, 5, 22489, 0
177700, 40, 5, 23155, 0
178100, 28, 5, 23843, 0
178500, 29, 5, 22466, 0
178900, 29, 5, 22719, 0
179300, 29, 5, 22590, 0
179700, 29, 5, 24572, 0
180100, 28, 5, 22464, 0
180500, 29, 5, 23049, 0
180900, 40, 5, 22805, 0
181300, 29, 5, 24833, 0
181700, 29, 5, 23093, 0
182100, 29, 7, 22910, 0
182500, 29, 5, 22802, 0
182900, 29, 5, 25176, 0
183300, 39, 5, 23392, 0
183700, 29, 5, 23309, 0
184100, 29, 5, 23299, 0
184500, 29, 5, 24330, 0
184900, 28, 5, 23192, 0
185300, 41, 5, 26182, 0
185700, 29, 5, 23764, 0
186100, 29, 5, 25504, 0
186500, 28, 5, 23626, 0
186900, 29, 5, 23207, 0
187300, 29, 5, 23987, 0
187700, 29, 5, 23557, 0
188100, 29, 5, 23667, 0
188500, 29, 5, 23290, 0
188900, 29, 5, 23280, 0
189300, 40, 5, 24997, 0
189700, 30, 5, 26504, 0
190100, 29, 5, 23992, 0
190500, 29, 5, 24053, 0
190900, 29, 5, 25248, 0
191300, 29, 5, 23782, 0
191700, 30, 5, 24120, 0
192100, 29, 5, 23830, 0
192500, 28, 5, 25332, 0
192900, 29, 5, 23881, 0
193300, 32, 5, 26208, 0
193700, 29, 5, 24607, 0
194100, 29, 5, 24122, 0
194500, 29, 5, 24650, 0
194900, 30, 5, 28550, 0
195300, 29, 5, 25133, 0
195700, 29, 5, 26536, 0
196100, 29, 5, 26048, 0
196500, 30, 5, 28365, 0
196900, 32, 6, 28553, 0
197300, 33, 6, 27915, 0
197700, 36, 11, 50301, 1
198100, 31, 6, 28930, 0
198500, 29, 5, 24822, 0
198900, 29, 5, 25571, 0
199300, 30, 5, 25371, 0
199700, 28, 5, 25447, 0
